# Created by Octave 4.0.3, Wed Aug 24 13:43:34 2016 GMT <unknown@Allan-Chen>
# name: theta
# type: matrix
# rows: 3
# columns: 1
 89597.90954174651
 139.2106740175682
 -8738.019111973148


